NAME,MSINI,MSINIUPPER,MSINILOWER,UMSINI,MSTAR,MSTARUPPER,MSTARLOWER,UMSTAR,A,AUPPER,ALOWER,UA,PER,PERUPPER,PERLOWER,UPER,ECC,ECCUPPER,ECCLOWER,UECC,K,KUPPER,KLOWER,UK,R,RUPPER,RLOWER,UR,DATE,PLANETDISCMETH
,mjupiter,mjupiter,mjupiter,mjupiter,msun,msun,msun,msun,au,au,au,au,day,day,day,day,,,,,m/s,m/s,m/s,m/s,rjupiter,rjupiter,rjupiter,rjupiter,,
HD 46375 b,0.227201,0.00908072,0.00908072,0.00908072,0.927,0.022,0.018000000000000002,0.02,0.0399038,0.000665063,0.000665063,0.000665063,3.023573,0.000065,0.000065,0.000065,0.063,0.026,0.026,0.026,33.65,0.74,0.74,0.74,,,,,2000,RV
HD 6434 b,0.397195,0.0185164,0.0185164,0.0185164,0.79,0,0,0,0.142061,0.00236799,0.00236799,0.00236799,21.997999,0.009,0.009,0.009,0.17,0.03,0.03,0.03,34.2,1.1,1.1,1.1,,,,,2004,RV
HD 88133 b,0.296108,0.0267321,0.0267321,0.0267321,1.18,0.06,0.06,0.06,0.0469104,0.00079511,0.00079511,0.00079511,3.41587,0.00059,0.00059,0.00059,0.133,0.072,0.072,0.072,36.1,3,3,3,,,,,2005,RV
HD 149026 b,0.359837,0.0155987,0.0155987,0.0155987,1.294,0.06,0.05,0.055,0.0431325,0.000718875,0.000718875,0.000718875,2.8758911,0.0000025,0.0000025,0.0000025,0,,,,43.3,1.2,1.2,1.2,0.654,0.06,0.046,0.053,2005,RV
HD 192263 b,0.639382,0.038498,0.038498,0.038498,0.804,0.024,0.034,0.029,0.152945,0.00254915,0.00254915,0.00254915,24.3556,0.0046,0.0046,0.0046,0.055,0.039,0.039,0.039,51.9,2.6,2.6,2.6,,,,,2000,RV
HD 75289 b,0.46004,0.0215143,0.0215143,0.0215143,1.187,0.043,0.027999999999999997,0.0355,0.047858,0.000797634,0.000797634,0.000797634,3.509267,0.000064,0.000064,0.000064,0.034,0.029,0.029,0.029,54.9,1.8,1.8,1.8,,,,,2000,RV
51 Peg b,0.461143,0.0163902,0.0163902,0.0163902,1.054,0.039,0.036,0.0375,0.0521068,0.000868447,0.000868447,0.000868447,4.230785,0.000036,0.000036,0.000036,0.013,0.012,0.012,0.012,55.94,0.69,0.69,0.69,,,,,1995,RV
HD 83443 b,0.395855,0.0178185,0.0178185,0.0178185,0.991,0.027,0.052000000000000005,0.0395,0.0404623,0.000674371,0.000674371,0.000674371,2.985698,0.000057,0.000057,0.000057,0.013,0.013,0.013,0.013,56.2,1.7,1.7,1.7,,,,,2002,RV
HD 27894 b,0.617925,0.0212744,0.0212744,0.0212744,0.75,0,0,0,0.122117,0.00203554,0.00203554,0.00203554,17.990999,0.007,0.007,0.007,0.049,0.008,0.008,0.008,58.1,0.5,0.5,0.5,,,,,2005,RV
BD -10 3166 b,0.429903,0.0174084,0.0174084,0.0174084,0.92,0.046,0.024000000000000007,0.035,0.0437823,0.000729706,0.000729706,0.000729706,3.48777,0.00011,0.00011,0.00011,0.019,0.023,0.019000000000000003,0.021,60.9,1.4,1.4,1.4,,,,,2000,RV
HD 63454 b,0.384566,0.0161877,0.0161877,0.0161877,0.8,0,0,0,0.0362523,0.000604205,0.000604205,0.000604205,2.818049,0.000071,0.000071,0.000071,0,0.022,0,0.011,64.19,1.65,1.65,1.65,,,,,2005,RV
HD 2638 b,0.477325,0.0161611,0.0161611,0.0161611,0.93,0,0,0,0.0435743,0.000726241,0.000726241,0.000726241,3.4442,0.0002,0.0002,0.0002,0,,,,67.4,0.4,0.4,0.4,,,,,2005,RV
HD 209458 b,0.68851,0.0236457,0.0236457,0.0236457,1.131,0.0259999,0.024000100000000003,0.025,0.047235,0.000787249,0.000787249,0.000787249,3.52474859,3.8e-7,3.8e-7,3.8e-7,0,,,,84.67,0.7,0.7,0.7,1.359,0.015,0.015,0.015,2000,RV
HD 330075 b,0.623724,0.0211874,0.0211874,0.0211874,0.7,0,0,0,0.0392074,0.000653457,0.000653457,0.000653457,3.38773,0.00008,0.00008,0.00008,0,,,,107,0.7,0.7,0.7,,,,,2004,RV
HD 130322 b,1.04309,0.0397495,0.0397495,0.0397495,0.836,0.0179999,0.0120001,0.015,0.0896052,0.00149342,0.00149342,0.00149342,10.7085,0.0003,0.0003,0.0003,0.011,0.02,0.011,0.0155,108.3,2,2,2,,,,,2000,RV
HD 179949 b,0.902075,0.0333495,0.0333495,0.0333495,1.181,0.039,0.026000000000000002,0.0325,0.0439208,0.000732013,0.000732013,0.000732013,3.092514,0.000032,0.000032,0.000032,0.022,0.015,0.015,0.015,112.6,1.8,1.8,1.8,,,,,2001,RV
HD 68988 b,1.79992,0.0996517,0.0996517,0.0996517,1.124,0.122,0.05199999999999999,0.087,0.0692771,0.0017874,0.0017874,0.0017874,6.27711,0.00021,0.00021,0.00021,0.1249,0.0087,0.0087,0.0087,184.7,3.7,3.7,3.7,,,,,2002,RV
HD 189733 b,1.14039,0.0562492,0.0562492,0.0562492,0.806,0.048,0.048,0.048,0.0309953,0.000615292,0.000615292,0.000615292,2.21857567,1.5e-7,1.5e-7,1.5e-7,0,,,,205,6,6,6,1.138,0.027,0.027,0.027,2005,RV
HD 73256 b,1.86902,0.0834996,0.0834996,0.0834996,1.05,0,0,0,0.0371348,0.000618915,0.000618915,0.000618915,2.5485799,0.00016,0.00016,0.00016,0.029,0.02,0.02,0.02,269,8,8,8,,,,,2003,RV
HD 195019 b,3.57989,0.120958,0.120958,0.120958,1.025,0.02,0.018,0.019,0.136688,0.00227814,0.00227814,0.00227814,18.20132,0.00039,0.00039,0.00039,0.0138,0.0044,0.0044,0.0044,271.5,1.5,1.5,1.5,,,,,1999,RV
GJ 86 b,4.00104,0.136884,0.136884,0.136884,0.796,0.025,0.011999999999999997,0.0185,0.114217,0.00190362,0.00190362,0.00190362,15.76491,0.00039,0.00039,0.00039,0.0416,0.0072,0.0072,0.0072,376.7,2.9,2.9,2.9,,,,,2000,RV
tau Boo b,4.13,0.34,0.34,0.34,1.341,0.054,0.039,0.0465,0.0480039,0.000800065,0.000800065,0.000800065,3.312433,0.000019,0.000019,0.000019,0.023,0.015,0.015,0.015,466.4,3.3,3.3,3.3,,,,,1997,RV
HD 162020 b,15.2138,0.508317,0.508317,0.508317,0.8,0.012,0.012,0.012,0.0756944,0.00126157,0.00126157,0.00126157,8.428198,0.000056,0.000056,0.000056,0.277,0.002,0.002,0.002,1813,4,4,4,,,,,2002,RV
