NAME,MSINI,MSINIUPPER,MSINILOWER,UMSINI,MSTAR,MSTARUPPER,MSTARLOWER,UMSTAR,A,AUPPER,ALOWER,UA,PER,PERUPPER,PERLOWER,UPER,ECC,ECCUPPER,ECCLOWER,UECC,K,KUPPER,KLOWER,UK,R,RUPPER,RLOWER,UR,LAMBDA,LAMBDAUPPER,LAMBDALOWER,ULAMBDA,DATE,PLANETDISCMETH
,mjupiter,mjupiter,mjupiter,mjupiter,msun,msun,msun,msun,au,au,au,au,day,day,day,day,,,,,m/s,m/s,m/s,m/s,rjupiter,rjupiter,rjupiter,rjupiter,deg,deg,deg,deg,,
WASP-20 b,0.309586,0.0190776,0.0190776,0.0190776,1.2,0.041,0.041,0.041,0.0599991,0.000999985,0.000999985,0.000999985,4.8996285,0.0000034,0.0000034,0.0000034,0,,,,32.8,1.7,1.7,1.7,1.462,0.059,0.059,0.059,8.1,3.6,3.6,3.6,2015,Transit
WASP-83 b,0.296234,0.0321795,0.0321795,0.0321795,1.11,0.09,0.09,0.09,0.0590285,0.00159536,0.00159536,0.00159536,4.971252,0.000015,0.000015,0.000015,0,,,,32.9,3.1,3.1,3.1,1.04,0.08,0.05,0.065,,,,,2015,Transit
Kepler-425 b,0.248704,0.0736895,0.0736895,0.0736895,0.93,0.05,0.05,0.05,0.0464979,0.000833295,0.000833295,0.000833295,3.79701816,1.9e-7,1.9e-7,1.9e-7,0,0.33,0,0.165,34,10,10,10,0.978,0.022,0.022,0.022,,,,,2010,Transit
HAT-P-38 b,0.267451,0.0202231,0.0202231,0.0202231,0.886,0.044,0.044,0.044,0.0522992,0.000871654,0.000871654,0.000871654,4.640382,0.000032,0.000032,0.000032,0.067,0.047,0.047,0.047,35.4,2.4,2.4,2.4,0.825,0.092,0.063,0.0775,,,,,2012,Transit
WASP-29 b,0.242938,0.0201282,0.0201282,0.0201282,0.825,0.033,0.033,0.033,0.0456587,0.000760979,0.000760979,0.000760979,3.922727,0.000004,0.000004,0.000004,0.03,0.05,0.03,0.04,35.6,2.7,2.7,2.7,0.792,0.056,0.034999999999999996,0.0455,,,,,2010,Transit
HAT-P-12 b,0.210772,0.0132095,0.0132095,0.0132095,0.73,0.018,0.018,0.018,0.0383737,0.000639561,0.000639561,0.000639561,3.2130598,0.0000021,0.0000021,0.0000021,0,,,,35.8,1.9,1.9,1.9,0.959,0.029,0.021,0.025,,,,,2009,Transit
WASP-21 b,0.300201,0.0133766,0.0133766,0.0133766,1.01,0.03,0.03,0.03,0.0521087,0.000868478,0.000868478,0.000868478,4.322482,0.000019,0.000024,0.0000215,0,,,,37.2,1.1,1.1,1.1,1.07,0.06,0.06,0.06,,,,,2010,Transit
WASP-39 b,0.284135,0.0313727,0.0313727,0.0313727,0.93,0.03,0.03,0.03,0.0485835,0.000809725,0.000809725,0.000809725,4.055259,0.000009,0.000009,0.000009,0,,,,38,4,4,4,1.27,0.04,0.04,0.04,,,,,2011,Transit
WASP-69 b,0.259116,0.0184666,0.0184666,0.0184666,0.826,0.029,0.029,0.029,0.0452527,0.000754212,0.000754212,0.000754212,3.8681382,0.0000017,0.0000017,0.0000017,0,,,,38.1,2.4,2.4,2.4,1.057,0.017,0.017,0.017,,,,,2014,Transit
WASP-63 b,0.377818,0.0316743,0.0316743,0.0316743,1.32,0.05,0.05,0.05,0.0574592,0.000957654,0.000957654,0.000957654,4.37808,0.000006,0.000006,0.000006,0,,,,39,3,3,3,1.43,0.1,0.06,0.08,,,,,2012,Transit
Kepler-422 b,0.43015,0.113904,0.113904,0.113904,1.15,0.06,0.06,0.06,0.0812822,0.0014136,0.0014136,0.0014136,7.8914483,5e-7,5.100000000000001e-7,5.05e-7,0.016,0.119,0.11500000000000002,0.117,40,11,10,10.5,1.15,0.11,0.11,0.11,,,,,2014,Transit
HAT-P-19 b,0.292129,0.0175742,0.0175742,0.0175742,0.842,0.042,0.042,0.042,0.0466409,0.000777348,0.000777348,0.000777348,4.008778,0.000006,0.000006,0.000006,0.067,0.042,0.042,0.042,42,2.1,2.1,2.1,1.132,0.072,0.072,0.072,,,,,2011,Transit
KELT-6 b,0.431127,0.0473998,0.0473998,0.0473998,1.085,0.043,0.04000000000000001,0.0415,0.0794132,0.00132355,0.00132355,0.00132355,7.8457,0.0002,0.0002,0.0002,0.22,0.12,0.1,0.11,42.8,4.5,4.199999999999999,4.35,1.193,0.13,0.07699999999999999,0.1035,,,,,2014,Transit
Kepler-7 b,0.436942,0.0385085,0.0385085,0.0385085,1.347,0.000049446,0.125950554,0.063,0.0622369,0.00103728,0.00103728,0.00103728,4.885525,0.00004,0.00004,0.00004,0,,,,42.9,3.5,3.5,3.5,1.478,0.05,0.051000000000000004,0.0505,,,,,2010,Transit
WASP-94 A b,0.418542,0.0333256,0.0333256,0.0333256,1.29,0.1,0.1,0.1,0.0532427,0.00137578,0.00137578,0.00137578,3.9501907,0.0000044,0.000003,0.0000037,0,0.13,0,0.065,45.4,2.8,2.7,2.75,1.72,0.06,0.05,0.055,151,16,23,19.5,2014,Transit
HAT-P-44 b,0.339714,0.0328232,0.0328232,0.0328232,0.942,0.041,0.041,0.041,0.0507459,0.000845765,0.000845765,0.000845765,4.301219,0.000019,0.000019,0.000019,0.272,0.155,0.155,0.155,45.9,3.6,3.6,3.6,1.242,0.106,0.051000000000000004,0.0785,,,,,2014,Transit
Kepler-12 b,0.431855,0.0415479,0.0415479,0.0415479,1.166,0.051,0.054,0.0525,0.0556348,0.000927246,0.000927246,0.000927246,4.4379637,2e-7,2e-7,2e-7,0,0.01,0,0.005,48.2,4.4,4.299999999999999,4.35,1.695,0.028,0.032,0.03,,,,,2011,Transit
Kepler-426 b,0.341143,0.0698569,0.0698569,0.0698569,0.91,0.06,0.06,0.06,0.0413383,0.000908534,0.000908534,0.000908534,3.21751883,1.9e-7,1.9e-7,1.9e-7,0,0.18,0,0.09,50,10,10,10,1.09,0.03,0.03,0.03,,,,,2010,Transit
HAT-P-46 b,0.495889,0.0680174,0.0680174,0.0680174,1.284,0.095,0.06,0.0775,0.0576688,0.00116026,0.00116026,0.00116026,4.463129,0.000048,0.000048,0.000048,0.123,0.12,0.12,0.12,52.2,6.8,6.8,6.8,1.284,0.271,0.133,0.202,,,,,2014,Transit
WASP-88 b,0.563202,0.0733797,0.0733797,0.0733797,1.45,0.05,0.05,0.05,0.0643804,0.00107301,0.00107301,0.00107301,4.954,0.000019,0.000019,0.000019,0,,,,52.4,6.6,6.6,6.6,1.7,0.13,0.07,0.1,,,,,2014,Transit
WASP-101 b,0.494408,0.0404685,0.0404685,0.0404685,1.34,0.07,0.07,0.07,0.0505526,0.000880269,0.000880269,0.000880269,3.585722,0.000004,0.000004,0.000004,0,,,,54,4,4,4,1.41,0.05,0.05,0.05,,,,,2013,Transit
WASP-13 b,0.472376,0.0344497,0.0344497,0.0344497,1.09,0.05,0.05,0.05,0.0537034,0.000895057,0.000895057,0.000895057,4.3530135,0.0000027,0.0000027,0.0000027,0,,,,55.5,3.6,3.6,3.6,1.407,0.052,0.052,0.052,8,12,14,13,2009,Transit
WASP-67 b,0.418184,0.0329627,0.0329627,0.0329627,0.87,0.04,0.04,0.04,0.0517914,0.00086319,0.00086319,0.00086319,4.61442,0.00001,0.00001,0.00001,0,,,,56,4,4,4,1.4,0.3,0.2,0.25,,,,,2012,Transit
CoRoT-28 b,0.483851,0.0613791,0.0613791,0.0613791,1.01,0.14,0.14,0.14,0.0590095,0.00272651,0.00272651,0.00272651,5.20851,0.00038,0.00038,0.00038,0.047,0.055,0.038,0.0465,56.4,4.9,4.9,4.9,0.955,0.066,0.066,0.066,,,,,2015,Transit
WASP-49 b,0.376728,0.0262594,0.0262594,0.0262594,0.938,0.08,0.076,0.078,0.0378972,0.00105046,0.00105046,0.00105046,2.7817387,0.0000056,0.0000056,0.0000056,0,,,,56.8,2.4,2.4,2.4,1.115,0.047,0.047,0.047,,,,,2012,Transit
CoRoT-26 b,0.478732,0.0728247,0.0728247,0.0728247,1.09,0.06,0.06,0.06,0.052477,0.00096288,0.00096288,0.00096288,4.20474,0.00005,0.00005,0.00005,0,,,,56.9,8.4,8.4,8.4,1.26,0.13,0.07,0.1,,,,,2013,Transit
Kepler-74 b,0.665099,0.0904267,0.0904267,0.0904267,1.4,0.14,0.10999999999999999,0.125,0.0827067,0.00246151,0.00246151,0.00246151,7.340718,0.000001,0.000001,0.000001,0.287,0.062,0.062,0.062,58,7,7,7,1.32,0.14,0.14,0.14,,,,,2011,Transit
HAT-P-40 b,0.619927,0.082426,0.082426,0.082426,1.512,0.045,0.514,0.2795,0.060845,0.00374916,0.00374916,0.00374916,4.457243,0.00001,0.00001,0.00001,0,,,,58.1,2.9,2.9,2.9,1.73,0.062,0.062,0.062,,,,,2012,Transit
WASP-31 b,0.477154,0.0328081,0.0328081,0.0328081,1.165,0.026,0.026,0.026,0.0466223,0.000777038,0.000777038,0.000777038,3.405909,0.000005,0.000005,0.000005,0,,,,58.2,3.5,3.5,3.5,1.537,0.06,0.06,0.06,2.8,3.1,3.1,3.1,2011,Transit
HAT-P-17 b,0.530106,0.0195219,0.0195219,0.0195219,0.857,0.039,0.039,0.039,0.0882385,0.00147064,0.00147064,0.00147064,10.338523,0.000009,0.000009,0.000009,0.346,0.007,0.007,0.007,58.4,0.9,0.9,0.9,1.01,0.029,0.029,0.029,19,16,12,14,2012,Transit
CoRoT-5 b,0.461312,0.0395129,0.0395129,0.0395129,1,0.02,0.02,0.02,0.0496334,0.000827224,0.000827224,0.000827224,4.0378962,0.0002,0.0002,0.0002,0.09,0.09,0.04000000000000001,0.065,59.1,6.2,3.1000000000000005,4.65,1.388,0.046,0.047,0.0465,,,,,2009,Transit
WASP-17 b,0.507667,0.0300802,0.0300802,0.0300802,1.19,0.03,0.03,0.03,0.0499354,0.000832256,0.000832256,0.000832256,3.735433,0.0000075,0.0000077,0.0000076,0,,,,59.2,3,2.8,2.9,1.932,0.052,0.1,0.076,-148.5,4.2,5.1000000000000005,4.65,2010,Transit
Kepler-77 b,0.430694,0.0344204,0.0344204,0.0344204,0.95,0.04,0.04,0.04,0.0450195,0.000750325,0.000750325,0.000750325,3.57878087,2.3e-7,2.3e-7,2.3e-7,0,,,,59.2,4.3,4.3,4.3,0.96,0.016,0.016,0.016,,,,,2013,Transit
WASP-62 b,0.562022,0.0418907,0.0418907,0.0418907,1.25,0.05,0.05,0.05,0.0567187,0.000945311,0.000945311,0.000945311,4.411953,0.000003,0.000003,0.000003,0,,,,60,4,4,4,1.39,0.06,0.06,0.06,,,,,2012,Transit
HAT-P-1 b,0.531143,0.0303524,0.0303524,0.0303524,1.133,0.075,0.079,0.077,0.0553326,0.00125349,0.00125349,0.00125349,4.4652934,0.0000093,0.0000093,0.0000093,0,,,,60.3,2.1,2.1,2.1,1.242,0.053,0.053,0.053,3.7,2.1,2.1,2.1,2007,Transit
WASP-60 b,0.511799,0.0362524,0.0362524,0.0362524,1.078,0.035,0.035,0.035,0.0531121,0.000885202,0.000885202,0.000885202,4.3050011,0.0000062,0.0000062,0.0000062,0,,,,60.8,3.8,3.8,3.8,0.86,0.12,0.12,0.12,,,,,2013,Transit
CoRoT-16 b,0.535943,0.0875118,0.0875118,0.0875118,1.098,0.082,0.078,0.08,0.0617874,0.00150061,0.00150061,0.00150061,5.35227,0.0002,0.0002,0.0002,0.33,0.09,0.1,0.095,61.96,9.47,9.35,9.41,1.17,0.14,0.15999999999999998,0.15,,,,,2012,Transit
WASP-96 b,0.478203,0.0410429,0.0410429,0.0410429,1.06,0.09,0.09,0.09,0.0453489,0.00128346,0.00128346,0.00128346,3.4252602,0.0000027,0.0000027,0.0000027,0,,,,62,4,4,4,1.2,0.06,0.06,0.06,,,,,2013,Transit
CoRoT-4 b,0.717419,0.0723897,0.0723897,0.0723897,1.16,0.03,0.020000000000000004,0.025,0.0903166,0.00150528,0.00150528,0.00150528,9.20205,0.00037,0.00037,0.00037,0,0.1,0,0.05,63,6,6,6,1.19,0.055,0.055,0.055,,,,,2008,Transit
HATS-6 b,0.319673,0.0718332,0.0718332,0.0718332,0.574,0.02,0.027,0.0235,0.0362414,0.000604024,0.000604024,0.000604024,3.3252725,0.0000021,0.0000021,0.0000021,0,,,,63,14,14,14,0.998,0.019,0.019,0.019,,,,,2015,Transit
WASP-15 b,0.541448,0.0208612,0.0208612,0.0208612,1.18,0.03,0.03,0.03,0.0499436,0.000832394,0.000832394,0.000832394,3.7521,0.000009,0.000011000000000000001,0.00001,0,,,,63.4,1.2,1.2500000000000002,1.225,1.379,0.067,0.057999999999999996,0.0625,-139.6,4.3,5.2,4.75,2009,Transit
HAT-P-39 b,0.598375,0.0998597,0.0998597,0.0998597,1.404,0.051,0.051,0.051,0.0509456,0.000849093,0.000849093,0.000849093,3.54387,0.000005,0.000005,0.000005,0,,,,63.6,10.4,10.4,10.4,1.571,0.108,0.81,0.459,,,,,2012,Transit
Kepler-435 b,0.854333,0.163645,0.163645,0.163645,1.538,0.088,0.088,0.088,0.0948432,0.00180889,0.00180889,0.00180889,8.6001536,0.0000018,0.0000018,0.0000018,0.114,0.077,0.077,0.077,64,12,12,12,1.99,0.18,0.18,0.18,,,,,2010,Transit
WASP-42 b,0.496749,0.0340244,0.0340244,0.0340244,0.881,0.086,0.08100000000000002,0.0835,0.0547344,0.00172922,0.00172922,0.00172922,4.9816877,0.0000068,0.0000073,0.00000705,0,,,,64.3,1.7,1.7,1.7,1.063,0.051,0.051,0.051,,,,,2012,Transit
HATS-10 b,0.524155,0.0801593,0.0801593,0.0801593,1.101,0.054,0.054,0.054,0.0449161,0.000748602,0.000748602,0.000748602,3.312846,0.0000058,0.0000058,0.0000058,0,0.501,0,0.2505,67,10,10,10,0.969,0.061,0.045,0.053,,,,,2015,Transit
Kepler-8 b,0.582607,0.104309,0.104309,0.104309,1.213,0.067,0.063,0.065,0.0483278,0.000863234,0.000863234,0.000863234,3.52254,0.00003,0.00005000000000000001,0.00004,0,,,,68.4,12,12,12,1.419,0.056,0.058,0.057,5,7,7,7,2010,Transit
WASP-56 b,0.605178,0.0404689,0.0404689,0.0404689,1.107,0.024,0.024,0.024,0.056145,0.00093575,0.00093575,0.00093575,4.617101,0.000004,0.0000020000000000000003,0.000003,0,,,,69,4,4,4,1.092,0.035,0.033,0.034,,,,,2013,Transit
WASP-55 b,0.57116,0.0377848,0.0377848,0.0377848,1.01,0.04,0.04,0.04,0.0532575,0.000887624,0.000887624,0.000887624,4.465633,0.000004,0.000004,0.000004,0,,,,70,4,4,4,1.3,0.05,0.03,0.04,,,,,2012,Transit
WASP-22 b,0.559004,0.10254,0.10254,0.10254,1.1,0.3,0.3,0.3,0.0468682,0.00426074,0.00426074,0.00426074,3.53269,0.00001,0.00001,0.00001,0.023,0.012,0.012,0.012,70,1.7,1.7,1.7,1.12,0.04,0.04,0.04,22,16,16,16,2010,Transit
WASP-34 b,0.581308,0.0285497,0.0285497,0.0285497,1.01,0.07,0.07,0.07,0.0520747,0.00120305,0.00120305,0.00120305,4.3176782,0.0000045,0.0000045,0.0000045,0.038,0.012,0.012,0.012,72.1,1.2,1.2,1.2,1.22,0.11,0.08,0.095,,,,,2011,Transit
WASP-70 A b,0.589331,0.0255278,0.0255278,0.0255278,1.106,0.042,0.042,0.042,0.0485382,0.000808969,0.000808969,0.000808969,3.7130203,0.0000047,0.0000047,0.0000047,0,,,,72.3,2,2,2,1.164,0.073,0.102,0.0875,,,,,2014,Transit
WASP-54 b,0.630293,0.0272235,0.0272235,0.0272235,1.213,0.032,0.032,0.032,0.049881,0.00083135,0.00083135,0.00083135,3.6936411,0.0000074,0.0000042999999999999995,0.00000585,0.067,0.033,0.025,0.029,73,2,2,2,1.653,0.09,0.08299999999999999,0.0865,,,,,2013,Transit
WASP-6 b,0.521174,0.0204998,0.0204998,0.0204998,0.93,0.02,0.02,0.02,0.0428704,0.000714507,0.000714507,0.000714507,3.361006,0.0000022,0.0000033999999999999996,0.0000028,0.054,0.018,0.016000000000000004,0.017,74.3,1.7,1.4000000000000001,1.55,1.224,0.051,0.052,0.0515,-11,18,14,16,2009,Transit
HAT-P-25 b,0.566683,0.0263065,0.0263065,0.0263065,1.01,0.032,0.032,0.032,0.0465813,0.000776354,0.000776354,0.000776354,3.652836,0.000019,0.000019,0.000019,0.032,0.022,0.022,0.022,74.3,2.4,2.4,2.4,1.19,0.081,0.05600000000000001,0.0685,,,,,2012,Transit
WASP-25 b,0.578118,0.044926,0.044926,0.044926,1,0.03,0.03,0.03,0.0473714,0.000789523,0.000789523,0.000789523,3.764825,0.000005,0.000005,0.000005,0,,,,75.5,5.3,5.3,5.3,1.22,0.06,0.05,0.055,14.6,6.7,6.7,6.7,2011,Transit
WASP-84 b,0.694028,0.0292713,0.0292713,0.0292713,0.842,0.037,0.037,0.037,0.0771322,0.00128554,0.00128554,0.00128554,8.5234865,0.000007,0.000007,0.000007,0,,,,77.4,2,2,2,0.942,0.022,0.022,0.022,,,,,2014,Transit
OGLE-TR-111 b,0.548406,0.101222,0.101222,0.101222,0.852,0.055,0.055,0.055,0.0468733,0.00100862,0.00100862,0.00100862,4.0144479,0.0000041,0.0000041,0.0000041,0,,,,78,14,14,14,1.051,0.057,0.053,0.055,,,,,2004,Transit
HAT-P-29 b,0.778006,0.0641995,0.0641995,0.0641995,1.207,0.046,0.046,0.046,0.0666842,0.0011114,0.0011114,0.0011114,5.723186,0.000049,0.000049,0.000049,0.095,0.047,0.047,0.047,78.3,5.9,5.9,5.9,1.107,0.109,0.109,0.109,,,,,2011,Transit
Kepler-15 b,0.66177,0.0789697,0.0789697,0.0789697,1.018,0.044,0.032,0.038,0.0571382,0.000952303,0.000952303,0.000952303,4.942782,0.0000013,0.0000013,0.0000013,0.133933,0.052338,0.052338,0.052338,78.7,8.5,9.5,9,0.96,0.07,0.06,0.065,,,,,2011,Transit
OGLE-TR-10 b,0.626643,0.139129,0.139129,0.139129,1.14,0.11,0.11,0.11,0.0434856,0.00139866,0.00139866,0.00139866,3.10129,0.00001,0.00001,0.00001,0,,,,80,17,17,17,1.25,0.14,0.12,0.13,,,,,2005,Transit
Kepler-6 b,0.668332,0.0309459,0.0309459,0.0309459,1.209,0.044,0.038000000000000006,0.041,0.0456089,0.000760149,0.000760149,0.000760149,3.234723,0.000017,0.000017,0.000017,0,,,,80.9,2.6,2.6,2.6,1.323,0.026,0.029,0.0275,,,,,2010,Transit
HAT-P-4 b,0.671507,0.0359131,0.0359131,0.0359131,1.248,0.07,0.10999999999999999,0.09,0.0443853,0.00106695,0.00106695,0.00106695,3.056536,0.000057,0.000057,0.000057,0,,,,81.1,1.9,1.9,1.9,1.274,0.049,0.06,0.0545,-4.9,11.9,11.9,11.9,2007,Transit
OGLE-TR-211 b,0.753425,0.149139,0.149139,0.149139,1.33,0.05,0.05,0.05,0.0512842,0.000854736,0.000854736,0.000854736,3.67724,0.00003,0.00003,0.00003,0,,,,82,16,16,16,1.36,0.18,0.09000000000000002,0.135,,,,,2008,Transit
WASP-11 b,0.539752,0.0518703,0.0518703,0.0518703,0.8,0.03,0.020000000000000004,0.025,0.0436466,0.000727443,0.000727443,0.000727443,3.722465,0.000006,0.000008,0.000007,0,,,,82.1,7.4,7.4,7.4,0.91,0.06,0.03,0.045,,,,,2009,Transit
HAT-P-24 b,0.685652,0.0362279,0.0362279,0.0362279,1.191,0.042,0.042,0.042,0.0465021,0.000775035,0.000775035,0.000775035,3.35524,0.000007,0.000007,0.000007,0.067,0.024,0.024,0.024,83,3.4,3.4,3.4,1.242,0.067,0.067,0.067,20,16,16,16,2010,Transit
HAT-P-33 b,0.762345,0.102748,0.102748,0.102748,1.375,0.04,0.04,0.04,0.0499317,0.000832196,0.000832196,0.000832196,3.474474,0.000001,0.000001,0.000001,0,0,0,0,82.7,10.8,10.8,10.8,1.686,0.045,0.045,0.045,,,,,2011,Transit
WASP-52 b,0.45566,0.0222181,0.0222181,0.0222181,0.87,0.03,0.03,0.03,0.0271336,0.000452227,0.000452227,0.000452227,1.7497798,0.0000012,0.0000012,0.0000012,0,,,,84.3,3,3,3,1.27,0.03,0.03,0.03,24,17,9,13,2013,Transit
HAT-P-28 b,0.627451,0.0375046,0.0375046,0.0375046,1.025,0.047,0.047,0.047,0.0433674,0.00072279,0.00072279,0.00072279,3.257215,0.000007,0.000007,0.000007,0.051,0.033,0.033,0.033,84.7,4.2,4.2,4.2,1.212,0.0975,0.0975,0.0975,,,,,2011,Transit
HAT-P-9 b,0.775153,0.0893404,0.0893404,0.0893404,1.28,0.13,0.13,0.13,0.0528645,0.00178968,0.00178968,0.00178968,3.92289,0.00004,0.00004,0.00004,0,,,,84.7,7.9,7.9,7.9,1.4,0.06,0.06,0.06,16,8,8,8,2009,Transit
XO-2 b,0.566435,0.0565564,0.0565564,0.0565564,0.974,0.032,0.034,0.033,0.0368367,0.000613945,0.000613945,0.000613945,2.615838,0.000008,0.000008,0.000008,0,,,,85,8,8,8,0.983,0.029,0.028,0.0285,,,,,2007,Transit
Kepler-41 b,0.493327,0.0711857,0.0711857,0.0711857,0.94,0.09,0.09,0.09,0.0289537,0.000924056,0.000924056,0.000924056,1.855558,0.0000071,0.0000071,0.0000071,0,,,,85,11,11,11,0.841,0.032,0.032,0.032,,,,,2011,Transit
WASP-94 B b,0.619839,0.0356936,0.0356936,0.0356936,1.24,0.09,0.09,0.09,0.0334746,0.000809873,0.000809873,0.000809873,2.00839,0.00024,0.00024,0.00024,0,,,,86.48,2.65,2.7500000000000004,2.7,,,,,,,,,2014,Transit
HAT-P-30 b,0.706657,0.0354378,0.0354378,0.0354378,1.242,0.041,0.041,0.041,0.0419042,0.000698404,0.000698404,0.000698404,2.810595,0.000005,0.000005,0.000005,0.035,0.024,0.024,0.024,88.1,3.3,3.3,3.3,1.34,0.065,0.065,0.065,73.5,9,9,9,2011,Transit
WASP-79 b,0.884655,0.0836078,0.0836078,0.0836078,1.52,0.07,0.07,0.07,0.0534741,0.000891236,0.000891236,0.000891236,3.6623817,0.0000051,0.0000051,0.0000051,0,,,,88.2,7.8,7.8,7.8,1.7,0.11,0.11,0.11,-106,13,25,19,2012,Transit
HAT-P-3 b,0.595021,0.0248415,0.0248415,0.0248415,0.928,0.044,0.054000000000000006,0.049,0.0388252,0.000683346,0.000683346,0.000683346,2.899703,0.000054,0.000054,0.000054,0,,,,89.1,2,2,2,0.899,0.043,0.049,0.046,,,,,2007,Transit
HAT-P-27 b,0.615135,0.0299545,0.0299545,0.0299545,0.92,0.06,0.06,0.06,0.0399488,0.000868452,0.000868452,0.000868452,3.039577,0.000005,0.000005999999999999999,0.0000055,0,,,,91.2,2,2,2,1.02,0.07,0.06,0.065,24.2,76,44.5,60.25,2011,Transit
HAT-P-41 b,0.799609,0.103757,0.103757,0.103757,1.418,0.047,0.047,0.047,0.0425775,0.000709625,0.000709625,0.000709625,2.694047,0.000004,0.000004,0.000004,0,,,,92.5,11.6,11.6,11.6,1.685,0.076,0.051000000000000004,0.0635,,,,,2012,Transit
WASP-35 b,0.716644,0.0587383,0.0587383,0.0587383,1.07,0.02,0.02,0.02,0.0431283,0.000718806,0.000718806,0.000718806,3.161575,0.000002,0.000002,0.000002,0,,,,94.82,7.28,6.919999999999999,7.1,1.32,0.03,0.03,0.03,,,,,2011,Transit
WASP-7 b,0.919256,0.126953,0.126953,0.126953,1.2,0.03,0.03,0.03,0.0604573,0.00100762,0.00100762,0.00100762,4.954658,0.000049,0.000049,0.000049,0,,,,97,13,13,13,0.915,0.046,0.039999999999999994,0.043,86,6,6,6,2009,Transit
TrES-4 b,0.913019,0.0740366,0.0740366,0.0740366,1.394,0.06,0.05600000000000001,0.058,0.0509243,0.000848739,0.000848739,0.000848739,3.553945,0.000075,0.000075,0.000075,0,,,,97.4,7.2,7.2,7.2,1.783,0.093,0.086,0.0895,7.3,4.6,4.6,4.6,2007,Transit
WASP-68 b,0.956493,0.0368934,0.0368934,0.0368934,1.24,0.03,0.03,0.03,0.0621834,0.00103639,0.00103639,0.00103639,5.084298,0.000015,0.000015,0.000015,0,,,,97.9,1.9,1.9,1.9,1.24,0.1,0.06,0.08,,,,,2014,Transit
WASP-57 b,0.675475,0.0523705,0.0523705,0.0523705,0.954,0.027,0.027,0.027,0.0386362,0.000643937,0.000643937,0.000643937,2.838971,0.000002,0.000002,0.000002,0,,,,100,7,7,7,0.916,0.017,0.013999999999999999,0.0155,,,,,2013,Transit
Kepler-423 b,0.722794,0.0995713,0.0995713,0.0995713,1.07,0.05,0.05,0.05,0.038671,0.000644516,0.000644516,0.000644516,2.68432848,8.2e-8,8.2e-8,8.2e-8,0.0102,0.0581,0.0831,0.0706,101,13,14,13.5,1.2,0.065,0.065,0.065,,,,,2014,Transit
WASP-1 b,0.827536,0.0508037,0.0508037,0.0508037,1.2,0.03,0.03,0.03,0.0385203,0.000642005,0.000642005,0.000642005,2.5199449,0.0000013,0.0000013,0.0000013,0,,,,109.4,5.64,5.64,5.64,1.516,0.052,0.248,0.15,-79,4.5,4.300000000000001,4.4,2007,Transit
WASP-59 b,0.859026,0.0449723,0.0449723,0.0449723,0.719,0.035,0.035,0.035,0.0696866,0.00116144,0.00116144,0.00116144,7.919585,0.00001,0.00001,0.00001,0.1,0.042,0.042,0.042,109.6,4.4,4.4,4.4,0.775,0.068,0.068,0.068,,,,,2013,Transit
Kepler-45 b,0.510798,0.0579971,0.0579971,0.0579971,0.59,0.06,0.06,0.06,0.0298817,0.00101294,0.00101294,0.00101294,2.455239,0.000004,0.000004,0.000004,0.11,0.1,0,0.05,110,10,10,10,0.96,0.11,0.11,0.11,,,,,2011,Transit
WASP-58 b,0.890462,0.0713296,0.0713296,0.0713296,0.94,0.1,0.1,0.1,0.0562022,0.00199298,0.00199298,0.00199298,5.01718,0.000011,0.000011,0.000011,0,,,,110.1,4.1,4.1,4.1,1.37,0.2,0.2,0.2,,,,,2013,Transit
WASP-80 b,0.551763,0.035372,0.035372,0.035372,0.58,0.05,0.05,0.05,0.0344696,0.000990507,0.000990507,0.000990507,3.0678504,0.0000027,0.0000023000000000000004,0.0000025,0,0.07,0,0.035,110.9,3,3.3,3.15,0.952,0.027,0.026,0.0265,,,,,2013,Transit
WASP-78 b,0.877779,0.0805911,0.0805911,0.0805911,1.33,0.09,0.09,0.09,0.0361391,0.000815169,0.000815169,0.000815169,2.17517656,0.0000048,0.0000048,0.0000048,0,,,,113.8,9.1,9.1,9.1,1.7,0.11,0.11,0.11,,,,,2012,Transit
WASP-74 b,0.939613,0.052082,0.052082,0.052082,1.48,0.12,0.12,0.12,0.0370185,0.0010005,0.0010005,0.0010005,2.13775,0.000001,0.000001,0.000001,0,,,,114.1,1.4,1.4,1.4,1.56,0.06,0.06,0.06,,,,,2015,Transit
TrES-1 b,0.752484,0.0476367,0.0476367,0.0476367,0.878,0.038,0.04,0.039,0.0392516,0.000654194,0.000654194,0.000654194,3.030065,0.000008,0.000008,0.000008,0,,,,115.2,6.2,6.2,6.2,1.067,0.022,0.020999999999999998,0.0215,30,21,21,21,2004,Transit
HAT-P-6 b,1.05632,0.0522928,0.0522928,0.0522928,1.29,0.064,0.066,0.065,0.0523738,0.000879664,0.000879664,0.000879664,3.852985,0.000005,0.000005,0.000005,0,,,,115.5,4.2,4.2,4.2,1.33,0.064,0.057999999999999996,0.061,165,6,6,6,2008,Transit
XO-1 b,0.918265,0.0794523,0.0794523,0.0794523,1.027,0.057,0.06099999999999999,0.059,0.049283,0.000943751,0.000943751,0.000943751,3.941534,0.000027,0.000027,0.000027,0,,,,116,9,9,9,1.206,0.047,0.041999999999999996,0.0445,,,,,2006,Transit
WASP-16 b,0.839364,0.0319679,0.0319679,0.0319679,1,0.03,0.03,0.03,0.0417858,0.00069643,0.00069643,0.00069643,3.1186009,0.0000146,0.000014,0.0000143,0,,,,116.7,2.4,1.9,2.15,1.008,0.083,0.05899999999999998,0.071,-4.2,11,13.899999999999999,12.45,2009,Transit
OGLE-TR-182 b,1.02162,0.148681,0.148681,0.148681,1.14,0.05,0.05,0.05,0.0513517,0.000855862,0.000855862,0.000855862,3.9791,0.00001,0.00001,0.00001,0,,,,120,17,17,17,1.13,0.24,0.14,0.19,,,,,2008,Transit
WASP-28 b,0.905271,0.0436597,0.0436597,0.0436597,1.021,0.05,0.05,0.05,0.0446486,0.000744143,0.000744143,0.000744143,3.40883,0.000006,0.000006,0.000006,0,,,,120.5,4.2,4.2,4.2,1.213,0.042,0.042,0.042,8,18,18,18,2014,Transit
HAT-P-35 b,1.05305,0.0400093,0.0400093,0.0400093,1.236,0.048,0.048,0.048,0.0497734,0.000829557,0.000829557,0.000829557,3.646706,0.000021,0.000021,0.000021,0.025,0.018,0.018,0.018,120.7,2.2,2.2,2.2,1.332,0.098,0.098,0.098,,,,,2012,Transit
HAT-P-32 b,0.861357,0.165246,0.165246,0.165246,1.16,0.041,0.041,0.041,0.0342627,0.000571045,0.000571045,0.000571045,2.150008,0.000001,0.000001,0.000001,0,0,0,0,122.8,23.2,23.2,23.2,1.789,0.025,0.025,0.025,85,1.5,1.5,1.5,2011,Transit
Kepler-44 b,1.01508,0.0700655,0.0700655,0.0700655,1.19,0.1,0.1,0.1,0.0454854,0.0012741,0.0012741,0.0012741,3.24674,0.000018,0.000018,0.000018,0,0.021,0,0.0105,124,5,5,5,1.24,0.07,0.07,0.07,,,,,2011,Transit
CoRoT-29 b,0.852133,0.142076,0.142076,0.142076,0.97,0.14,0.14,0.14,0.0389589,0.00187431,0.00187431,0.00187431,2.85057,0.000006,0.000006,0.000006,0.082,0.081,0.081,0.081,125,17,17,17,0.9,0.16,0.16,0.16,,,,,2015,Transit
CoRoT-12 b,0.916321,0.0706803,0.0706803,0.0706803,1.078,0.077,0.072,0.0745,0.0401409,0.000924706,0.000924706,0.000924706,2.828042,0.000013,0.000013,0.000013,0.07,0.063,0.041999999999999996,0.0525,125.5,8,7.5,7.75,1.44,0.13,0.13,0.13,,,,,2010,Transit
CoRoT-19 b,1.10724,0.0644029,0.0644029,0.0644029,1.21,0.05,0.05,0.05,0.0516604,0.000861007,0.000861007,0.000861007,3.89713,0.00002,0.00002,0.00002,0.047,0.045,0.045,0.045,126,6,6,6,1.29,0.03,0.03,0.03,-52,27,22,24.5,2012,Transit
HATS-3 b,1.07114,0.138469,0.138469,0.138469,1.209,0.036,0.036,0.036,0.0485119,0.000808531,0.000808531,0.000808531,3.547851,0.000005,0.000005,0.000005,0,,,,125.7,15.7,15.7,15.7,1.381,0.035,0.035,0.035,,,,,2013,Transit
WASP-82 b,1.24969,0.0458179,0.0458179,0.0458179,1.64,0.08,0.08,0.08,0.0448252,0.000747086,0.000747086,0.000747086,2.705785,0.000002,0.000002,0.000002,0,,,,131,2,2,2,1.71,0.09,0.07,0.08,,,,,2013,Transit
HAT-P-54 b,0.760605,0.0378522,0.0378522,0.0378522,0.645,0.02,0.02,0.02,0.0411908,0.000686513,0.000686513,0.000686513,3.799847,0.000014,0.000014,0.000014,0,0.074,0,0.037,132.6,4.9,4.9,4.9,0.944,0.028,0.028,0.028,,,,,2015,Transit
HATS-9 b,0.832409,0.0349189,0.0349189,0.0349189,1.03,0.039,0.039,0.039,0.0304899,0.000508165,0.000508165,0.000508165,1.9153073,0.0000052,0.0000052,0.0000052,0,0.129,0,0.0645,133.5,3.4,3.4,3.4,1.065,0.098,0.098,0.098,,,,,2015,Transit
WASP-41 b,0.931742,0.0588469,0.0588469,0.0588469,0.95,0.09,0.09,0.09,0.0404959,0.00127882,0.00127882,0.00127882,3.052401,0.000004,0.000004,0.000004,0,,,,135,0.008,0.008,0.008,1.2,0.06,0.06,0.06,,,,,2011,Transit
WASP-26 b,1.00876,0.0336252,0.0336252,0.0336252,1.12,0.03,0.03,0.03,0.0399686,0.000666144,0.000666144,0.000666144,2.7566,0.00001,0.00001,0.00001,0,,,,135.5,0.0035,0.0035,0.0035,1.32,0.08,0.08,0.08,-34,36,26,31,2010,Transit
WASP-48 b,0.969551,0.0864907,0.0864907,0.0864907,1.19,0.04,0.04,0.04,0.034488,0.000574801,0.000574801,0.000574801,2.143634,0.000003,0.000003,0.000003,0,,,,136.02,11.07,11.440000000000001,11.255,1.67,0.08,0.08,0.08,,,,,2011,Transit
WASP-47 b,1.13635,0.0563925,0.0563925,0.0563925,1.084,0.037,0.037,0.037,0.0520112,0.000866853,0.000866853,0.000866853,4.1591399,0.0000072,0.0000072,0.0000072,0,,,,136,5,5,5,1.15,0.04,0.019999999999999997,0.03,,,,,2012,Transit
KELT-7 b,1.26419,0.179084,0.179084,0.179084,1.535,0.066,0.05399999999999999,0.06,0.0441609,0.000736014,0.000736014,0.000736014,2.7347749,0.0000039,0.0000039,0.0000039,0,,,,138,19,19,19,1.533,0.046,0.047,0.0465,9.7,5.2,5.2,5.2,2015,Transit
HAT-P-5 b,1.05391,0.113354,0.113354,0.113354,1.157,0.043,0.081,0.062,0.0407152,0.000727266,0.000727266,0.000727266,2.788491,0.000025,0.000025,0.000025,0,,,,138,14,14,14,1.254,0.051,0.056,0.0535,,,,,2007,Transit
WASP-44 b,0.88769,0.0647194,0.0647194,0.0647194,0.951,0.034,0.034,0.034,0.0347371,0.000578952,0.000578952,0.000578952,2.4238039,0.0000087,0.0000087,0.0000087,0,,,,138.8,9,9,9,1.14,0.11,0.11,0.11,,,,,2012,Transit
Kepler-447 b,1.36628,0.234511,0.234511,0.234511,1,0.21,0.21,0.21,0.0769686,0.0053878,0.0053878,0.0053878,7.79430132,0.00000182,0.00000182,0.00000182,0.123,0.0123,0.012100000000000001,0.0122,141,14,14,14,1.65,0.2,0.18,0.19,,,,,2010,Transit
Kepler-412 b,0.928529,0.0866236,0.0866236,0.0866236,1.167,0.091,0.091,0.091,0.0295963,0.000769284,0.000769284,0.000769284,1.720861232,4.7e-8,4.7e-8,4.7e-8,0.0038,0.0087,0.0032000000000000015,0.00595,142,11,11,11,1.325,0.043,0.043,0.043,,,,,2011,Transit
XO-5 b,1.15082,0.0881513,0.0881513,0.0881513,1,0.03,0.03,0.03,0.0508651,0.000847751,0.000847751,0.000847751,4.1877537,0.0000017,0.0000017,0.0000017,0,,,,145,10,10,10,1.03,0.06,0.05,0.055,,,,,2008,Transit
WASP-23 b,0.871881,0.0937696,0.0937696,0.0937696,0.78,0.13,0.12,0.125,0.037022,0.00197767,0.00197767,0.00197767,2.9444256,0.0000012,0.0000012,0.0000012,0,0.062,0,0.031,145.8,1.8,1.8,1.8,0.962,0.0515,0.0515,0.0515,,,,,2011,Transit
WASP-75 b,1.06236,0.0523294,0.0523294,0.0523294,1.14,0.07,0.07,0.07,0.0375112,0.000767772,0.000767772,0.000767772,2.484193,0.000003,0.000003,0.000003,0,,,,146,4,4,4,1.27,0.048,0.048,0.048,,,,,2013,Transit
WASP-24 b,1.08429,0.0405076,0.0405076,0.0405076,1.184,0.027,0.027,0.027,0.0365155,0.000608592,0.000608592,0.000608592,2.3412127,0.000002,0.000002,0.000002,0,,,,148.2,2.5,2.5,2.5,1.3,0.039,0.038,0.0385,-4.7,4,4,4,2010,Transit
WASP-45 b,1.00188,0.0520663,0.0520663,0.0520663,0.909,0.06,0.06,0.06,0.0405459,0.0008921,0.0008921,0.0008921,3.1260876,0.0000035,0.0000035,0.0000035,0,,,,148.3,4.1,4.1,4.1,1.16,0.28,0.13999999999999996,0.21,,,,,2012,Transit
WASP-98 b,0.828342,0.073181,0.073181,0.073181,0.69,0.06,0.06,0.06,0.0356868,0.0010344,0.0010344,0.0010344,2.96264,0.0000013,0.0000013,0.0000013,0,,,,150,10,10,10,1.1,0.04,0.04,0.04,,,,,2013,Transit
HAT-P-8 b,1.29241,0.0542198,0.0542198,0.0542198,1.28,0.04,0.04,0.04,0.0449613,0.000749354,0.000749354,0.000749354,3.076337,0.0000036,0.0000036,0.0000036,0,,,,153.1,3.9,3.9,3.9,1.5,0.07,0.07,0.07,-9.7,9,7.699999999999999,8.35,2009,Transit
WASP-2 b,0.904818,0.0350237,0.0350237,0.0350237,0.88,0.02,0.02,0.02,0.0312729,0.000521215,0.000521215,0.000521215,2.1522254,0.0000015,0.0000014000000000000001,0.00000145,0,,,,155,3,3.0999999999999996,3.05,1.077,0.055,0.058,0.0565,-153,15,11,13,2007,Transit
CoRoT-13 b,1.3102,0.0774259,0.0774259,0.0774259,1.09,0.02,0.02,0.02,0.051069,0.00085115,0.00085115,0.00085115,4.03519,0.00003,0.00003,0.00003,0,,,,157.8,7.7,7.7,7.7,0.885,0.014,0.014,0.014,,,,,2010,Transit
KELT-2 A b,1.52019,0.0897487,0.0897487,0.0897487,1.308,0.028,0.024999999999999998,0.0265,0.0549707,0.000916178,0.000916178,0.000916178,4.1137912,0.00001,0.000009899999999999998,0.00000995,0,,,,161.1,7.8,7.8999999999999995,7.85,1.286,0.065,0.047,0.056,,,,,2012,Transit
WASP-106 b,1.815,0.0767424,0.0767424,0.0767424,1.092,0.054,0.054,0.054,0.089107,0.00148512,0.00148512,0.00148512,9.289715,0.00001,0.00001,0.00001,0,,,,165.3,4.3,4.3,4.3,1.085,0.046,0.027999999999999997,0.037,,,,,2014,Transit
OGLE-TR-132 b,1.16945,0.132994,0.132994,0.132994,1.305,0.071,0.071,0.071,0.0303507,0.000550422,0.000550422,0.000550422,1.689868,0.000003,0.000003,0.000003,0,,,,167,18,18,18,1.2,0.15,0.11000000000000001,0.13,,,,,2004,Transit
XO-4 b,1.60219,0.0795209,0.0795209,0.0795209,1.32,,,,0.05524,0.000920667,0.000920667,0.000920667,4.1250828,0.000004,0.000004,0.000004,0,,,,168.6,6.2,6.2,6.2,1.33,0.05,0.05,0.05,-46.7,8.1,6.1,7.1,2008,Transit
WASP-95 b,1.2034,0.0660825,0.0660825,0.0660825,1.11,0.09,0.09,0.09,0.0341288,0.000922401,0.000922401,0.000922401,2.184673,0.0000014,0.0000014,0.0000014,0,,,,175.7,1.7,1.7,1.7,1.21,0.06,0.06,0.06,,,,,2013,Transit
HAT-P-37 b,1.1719,0.105162,0.105162,0.105162,0.929,0.043,0.043,0.043,0.0379273,0.000632121,0.000632121,0.000632121,2.79736,0.000007,0.000007,0.000007,0.058,0.038,0.038,0.038,177.7,14.8,14.8,14.8,1.178,0.077,0.077,0.077,,,,,2012,Transit
Kepler-40 b,2.17681,0.336268,0.336268,0.336268,1.48,0.06,0.06,0.06,0.0806644,0.00134442,0.00134442,0.00134442,6.87349,0.00064,0.00064,0.00064,0,,,,179,27,27,27,1.17,0.04,0.04,0.04,,,,,2011,Transit
KELT-3 b,1.454,0.066,0.066,0.066,1.282,0.062,0.06,0.061,0.0412729,0.000687882,0.000687882,0.000687882,2.70339,0.00001,0.00001,0.00001,0,,,,179.6,5.9,5.799999999999999,5.85,1.358,0.068,0.069,0.0685,,,,,2013,Transit
HAT-P-15 b,1.9513,0.0755914,0.0755914,0.0755914,1.013,0.043,0.043,0.043,0.0964692,0.00160782,0.00160782,0.00160782,10.863502,0.000027,0.000027,0.000027,0.19,0.019,0.019,0.019,180.6,3.5,3.5,3.5,1.072,0.043,0.043,0.043,,,,,2010,Transit
WASP-72 b,1.40552,0.0593514,0.0593514,0.0593514,1.327,0.043,0.035,0.039,0.036575,0.000609584,0.000609584,0.000609584,2.216726,0.0000015,0.0000015,0.0000015,0,,,,181.3,4.7,4.7,4.7,1.01,0.12,0.18,0.15,,,,,2013,Transit
TrES-2 b,1.19316,0.0522427,0.0522427,0.0522427,0.983,0.063,0.059,0.061,0.0355765,0.0007359,0.0007359,0.0007359,2.47063,0.00001,0.00001,0.00001,0,,,,181.3,2.6,2.6,2.6,1.224,0.041,0.041,0.041,-9,12,12,12,2006,Transit
Kepler-428 b,1.28426,0.1843,0.1843,0.1843,0.87,0.05,0.05,0.05,0.0432987,0.000829477,0.000829477,0.000829477,3.52563254,1.5e-7,1.5e-7,1.5e-7,0,0.22,0,0.11,188,26,26,26,1.08,0.03,0.03,0.03,,,,,2010,Transit
CoRoT-1 b,1.02603,0.123566,0.123566,0.123566,0.95,0.15,0.15,0.15,0.0253191,0.00133258,0.00133258,0.00133258,1.5089557,0.0000064,0.0000064,0.0000064,0,,,,188,11,11,11,1.49,0.08,0.08,0.08,77,11,11,11,2008,Transit
HAT-P-49 b,1.72579,0.208387,0.208387,0.208387,1.543,0.051,0.051,0.051,0.0437742,0.000729569,0.000729569,0.000729569,2.691548,0.000006,0.000006,0.000006,0,,,,188.7,21.9,21.9,21.9,1.413,0.128,0.07699999999999999,0.1025,,,,,2014,Transit
WASP-97 b,1.31694,0.0495448,0.0495448,0.0495448,1.12,0.06,0.06,0.06,0.0330527,0.000590228,0.000590228,0.000590228,2.07276,0.000001,0.000001,0.000001,0,,,,194.5,2.3,2.3,2.3,1.13,0.06,0.06,0.06,,,,,2013,Transit
WASP-73 b,1.87866,0.0738997,0.0738997,0.0738997,1.34,0.05,0.039999999999999994,0.045,0.0551807,0.00091968,0.00091968,0.00091968,4.08722,0.00022,0.00022,0.00022,0,,,,196.3,4.1,4.1,4.1,1.16,0.12,0.08000000000000002,0.1,,,,,2014,Transit
HATS-4 b,1.25726,0.0465982,0.0465982,0.0465982,1.001,0.02,0.02,0.02,0.032693,0.000544884,0.000544884,0.000544884,2.156729,0.000002,0.000002,0.000002,0.013,0.016,0.016,0.016,197.5,3.2,3.2,3.2,1.02,0.037,0.037,0.037,,,,,2014,Transit
WASP-104 b,1.26427,0.0499528,0.0499528,0.0499528,1.076,0.049,0.049,0.049,0.0291939,0.000486565,0.000486565,0.000486565,1.7554137,0.0000018,0.0000036000000000000003,0.0000027,0,,,,202.7,4.3,4.3,4.3,1.137,0.037,0.037,0.037,,,,,2014,Transit
HAT-P-7 b,1.77867,0.0631816,0.0631816,0.0631816,1.5,0.03,0.03,0.03,0.037964,0.000632733,0.000632733,0.000632733,2.204737,0.000017,0.000017,0.000017,0,0.039,0,0.0195,211.8,2.6,2.6,2.6,1.363,0.195,0.08699999999999997,0.141,-177.5,9.4,9.4,9.4,2008,Transit
WASP-100 b,2.00868,0.113872,0.113872,0.113872,1.57,0.1,0.1,0.1,0.0457351,0.000971021,0.000971021,0.000971021,2.849375,0.000008,0.000008,0.000008,0,,,,213,8,8,8,1.69,0.29,0.29,0.29,,,,,2013,Transit
Qatar-1 b,1.08272,0.0850223,0.0850223,0.0850223,0.85,0.03,0.03,0.03,0.0234308,0.000390514,0.000390514,0.000390514,1.420033,0.000016,0.000016,0.000016,0,,,,218,15.5,15.5,15.5,1.164,0.045,0.045,0.045,-8.4,7.1,7.1,7.1,2011,Transit
HAT-P-14 b,2.22166,0.0813306,0.0813306,0.0813306,1.386,0.045,0.045,0.045,0.0606258,0.00101043,0.00101043,0.00101043,4.627669,0.000005,0.000005,0.000005,0.107,0.013,0.013,0.013,219,3.3,3.3,3.3,1.15,0.052,0.052,0.052,-170.9,5.1,5.1,5.1,2010,Transit
Kepler-434 b,2.85432,0.332887,0.332887,0.332887,1.198,0.093,0.093,0.093,0.114265,0.00295677,0.00295677,0.00295677,12.8747099,0.000005,0.000005,0.000005,0.131,0.072,0.072,0.072,221,23,23,23,1.13,0.26,0.18,0.22,,,,,2010,Transit
WASP-64 b,1.2691,0.0760245,0.0760245,0.0760245,1.004,0.028,0.028,0.028,0.0265195,0.000441992,0.000441992,0.000441992,1.5732918,0.0000015,0.0000015,0.0000015,0,,,,221,11,11,11,1.271,0.039,0.039,0.039,,,,,2013,Transit
WASP-8 b,2.13728,0.0798674,0.0798674,0.0798674,1.03,0.054,0.061000000000000006,0.0575,0.080153,0.00149152,0.00149152,0.00149152,8.158715,0.000016,0.000015000000000000002,0.0000155,0.31,0.0029,0.0024000000000000002,0.00265,222.23,0.84,0.6,0.72,1.038,0.007,0.047,0.027,-123.3,3.4,4.4,3.9,2010,Transit
OGLE-TR-56 b,1.35447,0.171638,0.171638,0.171638,1.228,0.072,0.078,0.075,0.0238308,0.000485154,0.000485154,0.000485154,1.211909,0.000001,0.000001,0.000001,0,,,,225,27,27,27,1.363,0.092,0.09,0.091,,,,,2003,Transit
WASP-12 b,1.34899,0.0509218,0.0509218,0.0509218,1.28,0.05,0.05,0.05,0.0225329,0.000375549,0.000375549,0.000375549,1.09142245,3.3e-7,3.3e-7,3.3e-7,0.049,0.015,0.015,0.015,226,4,4,4,1.79,0.09,0.09,0.09,59,15,20,17.5,2009,Transit
Kepler-5 b,2.11222,0.0750533,0.0750533,0.0750533,1.374,0.04,0.059000000000000004,0.0495,0.0506416,0.000844027,0.000844027,0.000844027,3.54846,0.000032,0.000032,0.000032,0,,,,227.5,2.8,2.8,2.8,1.431,0.0465,0.0465,0.0465,,,,,2010,Transit
HAT-P-31 b,2.16627,0.0907295,0.0907295,0.0907295,1.218,0.089,0.063,0.076,0.0611921,0.00127274,0.00127274,0.00127274,5.005425,0.000091,0.000092,0.0000915,0.245,0.0045,0.0045,0.0045,232.5,1.1,1.1,1.1,1.07,0.48,0.32000000000000006,0.4,,,,,2011,Transit
WASP-61 b,2.05477,0.078598,0.078598,0.078598,1.22,0.07,0.07,0.07,0.0514489,0.000983996,0.000983996,0.000983996,3.8559,0.000003,0.000003,0.000003,0,,,,233,0.016,0.016,0.016,1.24,0.03,0.03,0.03,,,,,2012,Transit
WASP-71 b,2.24554,0.082692,0.082692,0.082692,1.572,0.062,0.062,0.062,0.0463361,0.000772269,0.000772269,0.000772269,2.9036747,0.0000068,0.0000068,0.0000068,0,,,,236.4,3.7,3.7,3.7,1.5,0.11,0.11,0.11,19.8,9.9,9.9,9.9,2013,Transit
WASP-4 b,1.22306,0.0472558,0.0472558,0.0472558,0.91,0.05,0.05,0.05,0.0230406,0.000421988,0.000421988,0.000421988,1.3382299,0.0000023,0.0000021000000000000002,0.0000022,0,,,,240,2.8,3.1000000000000005,2.95,1.341,0.023,0.028999999999999998,0.026,4,34,43,38.5,2008,Transit
WASP-99 b,2.77639,0.126572,0.126572,0.126572,1.48,0.1,0.1,0.1,0.0716458,0.00161365,0.00161365,0.00161365,5.75251,0.00004,0.00004,0.00004,0,,,,242.2,1.7,1.7,1.7,1.1,0.08,0.05,0.065,,,,,2013,Transit
WASP-66 b,2.30754,0.132319,0.132319,0.132319,1.3,0.07,0.07,0.07,0.0546221,0.000980397,0.000980397,0.000980397,4.086052,0.000007,0.000007,0.000007,0,,,,246,11,11,11,1.39,0.09,0.09,0.09,,,,,2012,Transit
WASP-37 b,1.79324,0.166323,0.166323,0.166323,0.925,0.12,0.12,0.12,0.0446312,0.00193,0.00193,0.00193,3.577469,0.000011,0.000011,0.000011,0,,,,250.7,8.4,8.4,8.4,1.16,0.07,0.06,0.065,,,,,2011,Transit
WASP-38 b,2.70891,0.100012,0.100012,0.100012,1.23,0.04,0.04,0.04,0.0758454,0.00126409,0.00126409,0.00126409,6.87188,0.00001,0.00001,0.00001,0.028,0.003,0.003,0.003,252,4,4,4,1.09,0.02,0.02,0.02,7.5,4.7,6.1000000000000005,5.4,2011,Transit
HATS-1 b,1.85957,0.25243,0.25243,0.25243,0.986,0.054,0.054,0.054,0.0444708,0.00081184,0.00081184,0.00081184,3.446459,0.000004,0.000004,0.000004,0.12,0.092,0.092,0.092,254.1,33.1,33.1,33.1,1.302,0.162,0.098,0.13,,,,,2013,Transit
WTS-2 b,1.11131,0.157435,0.157435,0.157435,0.82,0.082,0.082,0.082,0.0185537,0.000618458,0.000618458,0.000618458,1.0187074,7.1e-7,7.1e-7,7.1e-7,0,,,,256,32,32,32,1.3,0.058,0.058,0.058,,,,,2014,Transit
WASP-50 b,1.46438,0.0879343,0.0879343,0.0879343,0.892,0.08,0.074,0.077,0.0294714,0.000848017,0.000848017,0.000848017,1.9550959,0.0000051,0.0000051,0.0000051,0.009,0.011,0.006000000000000002,0.0085,256.6,4.4,4.4,4.4,1.153,0.048,0.048,0.048,,,,,2011,Transit
WASP-19 b,1.11405,0.0393463,0.0393463,0.0393463,0.93,0.02,0.02,0.02,0.0163152,0.00027192,0.00027192,0.00027192,0.78884,3e-7,3e-7,3e-7,0.0046,0.0044,0.0027999999999999995,0.0036,257,3,3,3,1.386,0.032,0.032,0.032,4.6,5.2,5.2,5.2,2010,Transit
Kepler-433 b,2.84877,0.532784,0.532784,0.532784,1.46,0.17,0.17,0.17,0.0678214,0.00263234,0.00263234,0.00263234,5.33408384,0.0000011,0.0000011,0.0000011,0.119,0.079,0.079,0.079,259,44,44,44,1.45,0.16,0.16,0.16,,,,,2010,Transit
OGLE-TR-113 b,1.25508,0.165208,0.165208,0.165208,0.779,0.016,0.016,0.016,0.0228946,0.000381577,0.000381577,0.000381577,1.4324757,0.0000013,0.0000013,0.0000013,0,,,,267,34,34,34,1.093,0.028,0.022000000000000002,0.025,,,,,2004,Transit
HATS-2 b,1.34754,0.152111,0.152111,0.152111,0.882,0.037,0.037,0.037,0.0229834,0.000383057,0.000383057,0.000383057,1.354133,0.000001,0.000001,0.000001,0,,,,268.9,29,29,29,1.168,0.03,0.03,0.03,,,,,2013,Transit
WASP-103 b,1.48481,0.0959377,0.0959377,0.0959377,1.22,0.039,0.036,0.0375,0.0198682,0.000331137,0.000331137,0.000331137,0.925542,0.000019,0.000019,0.000019,0,,,,271,15,15,15,1.528,0.073,0.047,0.06,,,,,2014,Transit
WASP-5 b,1.62047,0.055083,0.055083,0.055083,1.01,0.04,0.04,0.04,0.0271923,0.000453206,0.000453206,0.000453206,1.6284229,0.0000043,0.000003899999999999999,0.0000041,0,,,,277.8,1.8,1.9000000000000001,1.85,1.14,0.1,0.04000000000000001,0.07,12.1,8,10,9,2008,Transit
CoRoT-6 b,2.95325,0.331379,0.331379,0.331379,1.05,0.05,0.05,0.05,0.0854177,0.00142363,0.00142363,0.00142363,8.886593,0.000004,0.000004,0.000004,0,0.1,0,0.05,280,30,30,30,1.166,0.035,0.035,0.035,,,,,2010,Transit
CoRoT-11 b,2.33146,0.342013,0.342013,0.342013,1.27,0.05,0.05,0.05,0.0440549,0.000734249,0.000734249,0.000734249,2.99433,0.000011,0.000011,0.000011,0,,,,280,40,40,40,1.43,0.03,0.03,0.03,0.1,2.6,2.6,2.6,2010,Transit
WASP-3 b,2.00437,0.0935965,0.0935965,0.0935965,1.22,0.04,0.04,0.04,0.0314948,0.000524913,0.000524913,0.000524913,1.846834,0.000002,0.000002,0.000002,0,,,,290.5,9.8,9.2,9.5,1.29,0.085,0.085,0.085,13,9,7,8,2008,Transit
CoRoT-10 b,2.75448,0.160035,0.160035,0.160035,0.89,0.05,0.05,0.05,0.105463,0.00197497,0.00197497,0.00197497,13.2406,0.0002,0.0002,0.0002,0.53,0.04,0.04,0.04,301,10,10,10,0.97,0.07,0.07,0.07,,,,,2010,Transit
Kepler-76 b,1.96,0.25,0.25,0.25,1.12,,,,0.0271768,0.000452984,0.000452984,0.000452984,1.545,0.0005,0.0005,0.0005,0,,,,308,20,20,20,,,,,,,,,2013,Transit
CoRoT-17 b,2.45898,0.277402,0.277402,0.277402,1.04,0.1,0.1,0.1,0.0480499,0.00154006,0.00154006,0.00154006,3.7681,0.0003,0.0003,0.0003,0,,,,312.4,29,29,29,1.02,0.07,0.07,0.07,,,,,2011,Transit
HAT-P-22 b,2.14822,0.077182,0.077182,0.077182,0.916,0.035,0.035,0.035,0.0414094,0.000690157,0.000690157,0.000690157,3.21222,0.000009,0.000009,0.000009,0.016,0.009,0.009,0.009,313.3,4.2,4.2,4.2,1.08,0.058,0.058,0.058,,,,,2011,Transit
WASP-77 A b,1.75912,0.0623904,0.0623904,0.0623904,1.002,0.045,0.045,0.045,0.0240531,0.000400885,0.000400885,0.000400885,1.3600309,0.000002,0.000002,0.000002,0,,,,321.9,3.9,3.9,3.9,1.21,0.02,0.02,0.02,,,,,2013,Transit
HAT-P-36 b,1.83475,0.10036,0.10036,0.10036,1.022,0.049,0.049,0.049,0.0238229,0.000397048,0.000397048,0.000397048,1.327347,0.000003,0.000003,0.000003,0.063,0.032,0.032,0.032,334.7,14.5,14.5,14.5,1.264,0.071,0.071,0.071,,,,,2012,Transit
TrES-5 b,1.77,0.0800981,0.0800981,0.0800981,0.893,0.024,0.024,0.024,0.0245157,0.000408595,0.000408595,0.000408595,1.4822446,7e-7,7e-7,7e-7,0,,,,339.8,10.4,10.4,10.4,1.209,0.021,0.021,0.021,,,,,2011,Transit
HAT-P-34 b,3.32973,0.241769,0.241769,0.241769,1.392,0.047,0.047,0.047,0.0677467,0.00112911,0.00112911,0.00112911,5.452654,0.000016,0.000016,0.000016,0.441,0.032,0.032,0.032,343.1,21.3,21.3,21.3,1.197,0.128,0.092,0.11,0,14,14,14,2012,Transit
TrES-3 b,1.87299,0.0837578,0.0837578,0.0837578,0.915,0.031,0.020999999999999998,0.026,0.0227178,0.000378631,0.000378631,0.000378631,1.30619,0.00001,0.00001,0.00001,0,,,,369,11,11,11,1.336,0.031,0.037000000000000005,0.034,,,,,2007,Transit
HAT-P-23 b,2.0884,0.122033,0.122033,0.122033,1.13,0.035,0.035,0.035,0.0231971,0.000386619,0.000386619,0.000386619,1.212884,0.000002,0.000002,0.000002,0.106,0.044,0.044,0.044,368.5,17.6,17.6,17.6,1.368,0.09,0.09,0.09,15,22,22,22,2011,Transit
Kepler-43 b,3.21573,0.183829,0.183829,0.183829,1.32,0.09,0.09,0.09,0.0449294,0.00102112,0.00102112,0.00102112,3.024095,0.000021,0.000021,0.000021,0,0.025,0,0.0125,375,13,13,13,1.2,0.06,0.06,0.06,,,,,2011,Transit
CoRoT-23 b,3.07662,0.312742,0.312742,0.312742,1.14,0.08,0.08,0.08,0.0483417,0.0011308,0.0011308,0.0011308,3.6313,0.0001,0.0001,0.0001,0.16,0.02,0.02,0.02,377,34,34,34,1.05,0.13,0.13,0.13,,,,,2012,Transit
WASP-46 b,2.08495,0.0879346,0.0879346,0.0879346,0.956,0.034,0.034,0.034,0.0244921,0.000408201,0.000408201,0.000408201,1.43037,0.0000023,0.0000023,0.0000023,0,,,,387,10,10,10,1.31,0.051,0.051,0.051,,,,,2012,Transit
WASP-36 b,2.25537,0.089103,0.089103,0.089103,1.02,0.032,0.032,0.032,0.0262601,0.000437668,0.000437668,0.000437668,1.5373653,0.0000027,0.0000027,0.0000027,0,,,,391.4,8.3,8.3,8.3,1.269,0.03,0.03,0.03,,,,,2012,Transit
Kepler-17 b,2.47651,0.102045,0.102045,0.102045,1.16,0.06,0.06,0.06,0.0267923,0.000461936,0.000461936,0.000461936,1.4857108,2e-7,2e-7,2e-7,0,0.011,0,0.0055,399,9,9,9,1.33,0.04,0.04,0.04,0,,,,2011,Transit
CoRoT-20 b,4.24157,0.220224,0.220224,0.220224,1.14,0.08,0.08,0.08,0.0901485,0.00210874,0.00210874,0.00210874,9.24285,0.0003,0.0003,0.0003,0.562,0.013,0.013,0.013,454,9,9,9,0.84,0.04,0.04,0.04,,,,,2012,Transit
WASP-32 b,3.441,0.139379,0.139379,0.139379,1.07,0.05,0.05,0.05,0.0390315,0.000650524,0.000650524,0.000650524,2.718661,0.000002,0.000002,0.000002,0,,,,478,11,11,11,1.1,0.04,0.04,0.04,-2,19,15,17,2010,Transit
WTS-1 b,3.98653,0.359474,0.359474,0.359474,1.2,0.1,0.1,0.1,0.0466301,0.00129528,0.00129528,0.00129528,3.352059,0.000012,0.000013999999999999998,0.000013,0.05,0.05,0.05,0.05,479,34,34,34,1.49,0.16,0.18000000000000002,0.17,,,,,2012,Transit
OGLE2-TR-L9 b,4.50213,1.509,1.509,1.509,1.52,0.08,0.08,0.08,0.0413279,0.00072505,0.00072505,0.00072505,2.4855335,7e-7,7e-7,7e-7,0,,,,510,170,170,170,1.61,0.04,0.04,0.04,,,,,2009,Transit
WASP-10 b,3.19034,0.115876,0.115876,0.115876,0.79,0.02,0.030000000000000002,0.025,0.0384536,0.000640893,0.000640893,0.000640893,3.0927616,0.0000112,0.0000112,0.0000112,0.0507142,0.00783433,0.00783433,0.00783433,520.1,7.5,7.5,7.5,1.08,0.02,0.02,0.02,,,,,2009,Transit
HAT-P-16 b,4.1951,0.141576,0.141576,0.141576,1.218,0.039,0.039,0.039,0.0413275,0.000688792,0.000688792,0.000688792,2.77596,0.000003,0.000003,0.000003,0.036,0.004,0.004,0.004,531.1,2.8,2.8,2.8,1.289,0.066,0.066,0.066,10,16,16,16,2010,Transit
HAT-P-21 b,4.07346,0.172661,0.172661,0.172661,0.947,0.042,0.042,0.042,0.0494951,0.000824919,0.000824919,0.000824919,4.124481,0.000007,0.000007,0.000007,0.228,0.016,0.016,0.016,548.3,14.2,14.2,14.2,1.024,0.092,0.092,0.092,,,,,2011,Transit
WASP-43 b,1.7613,0.10347,0.10347,0.10347,0.58,0.05,0.05,0.05,0.0142363,0.00040909,0.00040909,0.00040909,0.813475,0.000001,0.000001,0.000001,0,,,,550.3,6.7,6.7,6.7,0.93,0.07,0.09,0.08,,,,,2011,Transit
Qatar-2 b,2.483,0.0868209,0.0868209,0.0868209,0.74,0.037,0.037,0.037,0.0215077,0.000358461,0.000358461,0.000358461,1.3371182,0.0000037,0.0000037,0.0000037,0,,,,558.7,5.9,5.9,5.9,1.144,0.035,0.035,0.035,,,,,2012,Transit
CoRoT-2 b,3.27343,0.170806,0.170806,0.170806,0.97,0.06,0.06,0.06,0.0280884,0.000579142,0.000579142,0.000579142,1.7429935,0.000001,0.000001,0.000001,0.0143,0.0077,0.007599999999999999,0.00765,563,18,18,18,1.466,0.042,0.04399999999999999,0.043,7.2,4.5,4.5,4.5,2008,Transit
CoRoT-18 b,3.48002,0.375551,0.375551,0.375551,0.95,0.15,0.15,0.15,0.0295483,0.00155517,0.00155517,0.00155517,1.9000693,0.0000028,0.0000028,0.0000028,0.04,0.04,0.04,0.04,590,14,14,14,1.31,0.18,0.18,0.18,10,20,20,20,2011,Transit
Kepler-14 b,8.40643,0.293577,0.293577,0.293577,1.512,0.043,0.043,0.043,0.0806879,0.0013448,0.0013448,0.0013448,6.790123,0.0000043,0.0000043,0.0000043,0.0350051,0.018044,0.018044,0.018044,682.9,7.1,7.1,7.1,1.136,0.073,0.054000000000000006,0.0635,,,,,2011,Transit
HAT-P-2 b,8.85612,0.4059,0.4059,0.4059,1.308,0.088,0.07800000000000001,0.083,0.0679088,0.0014364,0.0014364,0.0014364,5.6334729,0.0000061,0.0000061,0.0000061,0.5171,0.0033,0.0033,0.0033,983.9,17.2,17.2,17.2,1.157,0.073,0.06300000000000001,0.068,9,10,10,10,2007,Transit
WASP-14 b,7.65457,0.293081,0.293081,0.293081,1.31,0.05,0.09999999999999999,0.075,0.0367693,0.000701704,0.000701704,0.000701704,2.243752,0.00001,0.00001,0.00001,0.091,0.003,0.003,0.003,993,3,3,3,1.281,0.075,0.082,0.0785,-33.1,7.4,7.4,7.4,2009,Transit
CoRoT-14 b,7.56823,0.453047,0.453047,0.453047,1.13,0.09,0.09,0.09,0.0269122,0.000714486,0.000714486,0.000714486,1.51214,0.00013,0.00013,0.00013,0,,,,1230,34,34,34,1.09,0.07,0.07,0.07,,,,,2011,Transit
HAT-P-20 b,7.27817,0.247177,0.247177,0.247177,0.756,0.028,0.028,0.028,0.03616,0.000602667,0.000602667,0.000602667,2.875317,0.000004,0.000004,0.000004,0.015,0.005,0.005,0.005,1246,8.1,8.1,8.1,0.867,0.033,0.033,0.033,,,,,2011,Transit
Kepler-39 b,18.1767,0.717812,0.717812,0.717812,1.1,0.07,0.06,0.065,0.155007,0.00305317,0.00305317,0.00305317,21.0874,0.0002,0.0002,0.0002,0.121,0.022,0.023,0.0225,1251,0.03,0.027000000000000003,0.0285,1.22,0.12,0.1,0.11,,,,,2011,Transit
Kepler-75 b,9.98356,0.49759,0.49759,0.49759,0.88,0.06,0.06,0.06,0.0807413,0.00183503,0.00183503,0.00183503,8.884924,0.000002,0.000002,0.000002,0.569,0.01,0.01,0.01,1288,24,24,24,1.03,0.06,0.06,0.06,,,,,2011,Transit
CoRoT-27 b,10.371,0.768933,0.768933,0.768933,1.05,0.11,0.11,0.11,0.0466557,0.00162925,0.00162925,0.00162925,3.57532,0.00006,0.00006,0.00006,0,0.065,0,0.0325,1326,33,33,33,1.007,0.044,0.044,0.044,,,,,2014,Transit
XO-3 b,13.0547,0.444146,0.444146,0.444146,1.41,0.004,0.004,0.004,0.0477112,0.000795188,0.000795188,0.000795188,3.1915426,0.00014,0.00014,0.00014,0.2884,0.0035,0.0035,0.0035,1488,10,10,10,1.217,0.073,0.073,0.073,37.3,3,3,3,2008,Transit
WASP-18 b,10.0636,0.335619,0.335619,0.335619,1.22,0.03,0.03,0.03,0.0201401,0.000335668,0.000335668,0.000335668,0.9414529,7.8e-7,8.599999999999999e-7,8.2e-7,0.00848,0.00085,0.00095,0.0009,1818.3,1.9,1.9,1.9,1.267,0.062,0.045,0.0535,4,5,5,5,2009,Transit
CoRoT-3 b,21.799,0.991675,0.991675,0.991675,1.37,0.09,0.09,0.09,0.0573788,0.00125647,0.00125647,0.00125647,4.2568,0.000005,0.000005,0.000005,0,,,,2194,27,27,27,1.01,0.07,0.07,0.07,-37.6,22.3,9.999999999999996,16.15,2008,Transit
